       0/9      1.5G   0.05265   0.01192   0.02376   0.08833        23       640    0.2829    0.6196     0.379    0.2373   0.04312  0.006942   0.02099
       1/9     6.85G   0.03869  0.008839   0.01923   0.06676        16       640    0.4225    0.8218    0.6048    0.3727   0.04479  0.005618    0.0183
       2/9     8.47G   0.03503  0.008446   0.01619   0.05966        42       640    0.6495     0.735    0.8023    0.5357   0.03827  0.005617   0.01569
       3/9     8.47G   0.03196  0.008625   0.01417   0.05476        49       640    0.7639    0.7596     0.848    0.6287   0.03338  0.005031   0.01402
       4/9     8.47G   0.02997  0.008209   0.01257   0.05075        62       640    0.6996    0.8227    0.8443    0.6911   0.03229   0.00472   0.01324
       5/9     8.47G   0.02812  0.008224    0.0116   0.04794        16       640    0.8652    0.7186    0.8756    0.7051   0.03204  0.004497   0.01308
       6/9     8.47G   0.02688  0.008036   0.01084   0.04576        28       640    0.8835     0.787    0.8979    0.7422    0.0315   0.00444   0.01079
       7/9     8.47G   0.02613  0.007652   0.01026   0.04404        22       640     0.776    0.8405    0.8912    0.7492   0.03322  0.004183   0.01118
       8/9     8.47G   0.02537   0.00753  0.009718   0.04261        22       640    0.7736    0.8631    0.8937    0.7584   0.03296  0.003979   0.01041
       9/9     8.47G   0.02462  0.007396  0.009383    0.0414        33       640    0.8333    0.7944    0.8975    0.7694    0.0318  0.003967   0.01025
